159.620 -75.652 547.134
-115.894 198.111 -825.031
157.004 11.365 280.904
-65.614 40.727 -252.397
-6.947 -70.584 198.799
-158.544 -121.154 47.361
-74.086 -12.819 -108.654
32.274 -67.314 267.502
51.491 5.978 86.014
179.706 -177.894 894.086
-27.788 177.718 -587.763
-130.946 -56.691 -90.872
108.750 32.159 122.050
113.620 52.981 69.195
-111.578 136.167 -630.722
102.725 148.314 -238.463
-119.674 -141.183 185.309
-14.585 -24.226 44.512
186.520 70.278 163.225
91.272 -161.312 667.525
163.663 -195.806 915.875
-38.115 87.328 -337.194
-134.823 -109.309 59.325
-52.327 -73.422 116.676
85.303 76.838 -58.974
153.469 57.504 135.447
-161.449 197.565 -914.539
-173.289 -61.780 -160.188
-20.543 95.191 -325.653
-41.993 117.835 -436.491
28.156 167.100 -443.974
-172.810 -24.098 -272.274
-54.764 -109.843 220.998
-20.339 -2.596 -31.881
-133.795 -143.943 165.140
-65.957 -124.926 243.795
14.463 -80.379 270.979
198.147 -121.561 761.931
5.347 -165.516 508.208
6.814 -154.629 478.592
-199.336 6.506 -417.206
191.903 -104.522 698.482
-129.121 -40.932 -134.428
-96.937 38.757 -309.156
-118.996 35.120 -342.283
100.788 29.380 114.393
62.048 193.294 -454.850
-140.124 -53.292 -119.452
-101.840 -93.222 76.891
24.870 193.774 -530.620
-9.641 120.358 -379.411
183.729 107.286 46.574
188.417 -113.881 719.552
41.073 -112.157 419.603
-28.762 -70.741 155.763
16.960 -159.734 514.135
195.863 164.959 -102.104
151.569 -99.304 602.113
144.620 35.382 184.115
-63.173 167.381 -627.500
-23.357 91.985 -321.546
-137.501 82.793 -522.342
-166.299 153.213 -791.157
-113.514 -50.752 -73.837
-127.370 165.157 -749.216
135.050 138.804 -145.405
-43.704 137.014 -497.494
-151.245 -44.646 -167.533
-70.579 -108.312 184.690
11.007 139.652 -395.796
-18.102 97.588 -327.942
32.352 -154.965 530.651
54.196 -98.187 404.001
34.574 115.148 -275.283
-121.102 125.128 -616.572
179.921 60.602 178.988
-25.313 -39.948 70.235
-84.554 -86.935 92.732
-32.311 -63.538 127.000
-56.578 -136.667 297.814
109.650 -129.540 608.934
134.954 4.367 257.779
-12.080 131.583 -417.905
-180.700 -16.980 -309.419
83.802 72.942 -50.223
95.582 91.226 -81.617
-176.382 135.037 -756.858
-23.020 153.843 -506.625
-4.584 145.730 -445.317
52.829 -176.268 635.490
-109.573 -140.345 202.801
183.258 -102.693 675.692
-49.277 70.146 -307.998
-66.789 -184.059 419.626
135.270 -35.584 378.352
128.473 -148.004 701.941
7.023 75.052 -210.139
20.161 96.076 -246.988
77.269 180.343 -385.441
7.332 166.682 -484.408
21.256 -107.167 364.949
116.552 117.856 -119.467
196.276 68.213 188.783
16.440 -1.661 38.796
-56.160 118.883 -467.966
-5.732 -66.598 189.367
-83.672 -145.084 268.921
0.757 21.400 -61.660
-1.507 72.142 -218.450
-100.041 21.818 -264.528
-13.376 -72.284 191.209
10.421 -197.781 615.123
-79.160 191.865 -732.959
-187.292 -29.526 -285.018
-20.721 -184.724 513.780
152.958 -27.032 388.005
-88.709 41.663 -301.406
-123.452 179.593 -784.703
144.971 -132.869 689.558
67.012 38.881 18.336
-171.106 -167.135 160.175
-7.965 -31.558 79.788
27.146 194.527 -528.349
81.289 -134.070 565.736
-135.566 -69.637 -61.240
-161.128 141.118 -744.727
-70.883 32.029 -236.854
-167.717 -63.625 -143.500
-35.241 182.639 -617.321
-179.140 117.279 -709.094
-105.829 -74.586 13.097
-172.843 72.309 -561.594
-162.270 0.813 -325.934
-12.214 71.036 -236.424
20.326 -19.704 100.753
160.149 -92.407 598.535
119.962 148.545 -204.749
99.328 51.529 45.080
83.869 -157.566 641.403
-4.329 -49.554 140.960
-185.226 41.188 -493.019
-133.535 65.575 -462.744
72.184 74.246 -77.368
134.524 113.185 -69.462
71.449 17.473 91.461
13.411 -167.332 529.696
91.325 198.910 -413.089
-37.146 -4.743 -59.043
157.874 17.762 263.434
-149.206 187.949 -861.219
-153.173 -167.505 197.159
-72.210 15.631 -190.359
-141.584 187.449 -844.491
-96.668 -108.369 132.838
-63.330 -70.380 85.488
178.740 1.118 355.087
-41.314 55.370 -247.717
-54.884 -41.315 15.161
-82.322 -136.042 244.446
-137.155 33.096 -372.541
-189.462 11.772 -413.292
129.058 -100.841 561.604
-123.807 -120.919 116.194
-164.561 -168.733 178.110
141.972 -133.577 685.622
-56.968 -131.403 281.265
-160.422 -71.618 -104.855
156.120 44.309 180.271
141.660 -192.849 862.935
173.178 55.135 181.821
-153.050 -17.226 -253.343
-84.475 86.749 -428.144
97.115 68.658 -10.777
-26.662 63.387 -242.573
134.017 -139.731 688.288
-31.206 -49.283 86.380
56.912 81.447 -129.496
-164.288 -146.672 112.436
33.024 163.258 -422.685
154.365 173.161 -209.727
-141.606 -170.908 230.469
132.641 -25.979 344.115
-177.461 -49.026 -206.846
-8.999 153.855 -478.697
129.283 194.821 -324.957
-0.347 -170.478 511.739
159.336 161.957 -166.163
-0.174 -196.979 591.500
-168.460 -89.148 -68.501
-173.653 30.554 -438.058
-9.923 60.629 -200.734
94.607 -59.224 367.815
22.958 -119.365 404.993
-166.307 -195.519 255.006
-60.126 44.604 -252.983
70.263 -150.773 593.807
13.836 -194.617 612.555
-77.544 195.342 -740.068
160.394 -149.248 769.468
64.539 -105.786 447.386
75.704 100.417 -148.854
106.828 166.117 -283.656
73.746 160.469 -332.931
-17.752 -146.869 406.140
-89.630 -104.306 134.625
-46.594 -39.497 26.326
-28.749 53.353 -216.582
95.205 29.296 103.574
-194.953 58.375 -563.998
31.743 8.271 39.702
-61.787 81.258 -366.345
117.805 -178.454 771.879
-90.780 82.895 -429.228
114.905 160.728 -251.339
111.757 -23.935 296.412
48.834 61.729 -86.485
125.391 -147.998 695.841
163.276 -91.871 603.191
-64.552 -197.990 465.856
-171.888 35.199 -448.451
104.178 86.861 -51.229
-89.767 17.155 -230.015
-28.707 -88.294 208.402
53.212 -36.951 218.363
59.103 181.147 -424.204
-109.301 18.116 -271.822
-92.535 141.272 -607.793
15.593 -170.784 544.538
45.842 145.510 -343.861
-68.175 133.187 -534.912
54.799 14.608 66.780
58.647 104.032 -193.852
-43.788 169.319 -594.594
46.010 -6.513 112.573
-27.874 -195.174 530.744
143.108 -131.029 680.328
64.573 131.545 -264.416
99.122 -4.305 212.168
197.084 54.061 232.951
-163.063 52.592 -482.885
-98.845 -173.542 324.051
79.850 155.627 -306.212
156.652 0.111 313.985
-89.603 155.396 -644.423
189.001 110.484 47.552
-26.993 -120.577 308.692
-69.049 157.815 -610.512
-194.168 176.898 -918.100
-155.237 86.985 -570.478
-117.318 149.632 -682.473
136.881 123.814 -96.636
31.236 147.381 -378.622
59.308 129.782 -269.777
35.000 -125.156 446.494
185.923 185.026 -182.233
-63.726 -158.789 349.921
97.034 -34.476 298.520
-120.230 -171.482 274.929
132.322 -111.584 600.369
-162.238 1.095 -326.801
55.393 81.643 -133.199
132.959 44.170 134.379
16.266 123.449 -336.830
32.261 -46.046 203.628
113.391 -3.614 238.548
41.951 23.821 13.455
-190.845 152.212 -837.280
63.967 -100.490 430.406
92.662 133.560 -214.369
9.571 31.533 -74.538
172.125 64.163 152.774
5.242 -9.094 38.739
-82.580 195.440 -750.464
170.682 -111.213 675.994
35.744 -164.514 566.075
81.252 59.810 -15.900
-40.720 47.131 -221.852
-46.168 -52.851 67.253
-16.331 -97.319 260.265
81.676 96.623 -125.564
26.342 -181.623 598.525
-194.547 -152.416 69.068
-93.295 65.187 -381.162
-194.972 125.802 -766.342
-53.328 180.789 -648.023
-157.115 -54.953 -148.340
-133.354 -142.466 161.718
118.728 -37.804 351.930
-126.792 148.823 -699.037
48.566 68.512 -107.410
45.881 -182.852 641.305
34.440 177.666 -463.179
55.246 10.213 80.841
181.465 152.980 -95.001
29.250 17.592 6.666
-22.962 -11.324 -10.939
129.181 88.400 -5.824
-134.532 50.940 -420.907
-152.940 -74.318 -81.914
-10.865 146.189 -459.245
-105.847 31.845 -306.206
-81.237 152.142 -617.931
192.358 -62.232 572.303
115.370 -39.582 350.481
-46.484 151.784 -547.274
39.150 134.344 -323.763
-9.603 -76.246 210.643
-56.027 139.003 -528.082
118.271 21.078 174.240
140.726 -78.153 516.917
186.058 -2.644 381.114
-188.858 69.056 -583.854
-92.982 -47.163 -43.453
-191.461 148.210 -826.617
165.647 1.891 326.655
170.682 -2.209 349.050
172.356 89.206 78.082
-139.972 159.823 -758.412
-84.803 -9.591 -139.862
167.772 -155.204 802.146
158.859 -54.037 480.790
100.251 197.967 -392.385
-101.418 145.800 -639.243
8.930 -197.480 611.254
-158.803 11.638 -351.492
177.605 -145.488 792.706
-172.008 148.453 -788.405
105.556 87.588 -50.685
137.780 54.426 113.279
-163.768 -101.012 -23.495
-0.110 -113.358 340.866
-158.894 98.633 -612.669
-175.747 167.687 -853.566
81.579 24.953 89.254
-111.394 30.133 -312.214
-134.258 -146.694 172.538
-57.016 -62.478 74.379
-93.152 -16.611 -135.431
-80.426 103.041 -468.892
195.748 110.329 61.487
-39.657 87.840 -341.838
-90.804 -23.645 -109.638
-173.771 -166.518 152.984
56.197 -138.836 529.900
-76.510 -137.782 261.345
108.105 13.437 176.958
6.162 -50.041 163.332
-130.518 -163.678 230.984
-70.060 -192.483 438.409
181.087 -57.381 535.303
-102.403 156.850 -674.409
196.767 13.556 353.902
51.620 189.449 -464.054
-184.127 78.625 -603.173
-86.898 138.159 -587.265
108.960 -40.957 341.800
-161.228 -55.297 -155.464
-127.557 -164.293 238.779
-34.895 -40.077 51.379
-187.304 76.020 -601.721
-175.135 -23.855 -277.767
-24.323 178.422 -582.850
139.205 103.149 -30.108
139.116 108.366 -45.857
-127.472 117.592 -606.708
-104.203 147.496 -649.940
109.911 -128.104 605.104
-178.247 -44.599 -221.699
64.259 6.032 111.420
12.368 -193.075 604.949
104.418 32.479 112.401
68.441 53.133 -21.510
57.603 -26.674 196.183
191.357 -163.284 873.593
-59.244 40.653 -239.500
61.481 37.077 12.718
99.954 165.334 -295.070
40.083 -7.795 104.491
103.516 143.506 -222.436
-5.502 -180.636 531.908
59.580 53.646 -40.798
154.807 141.506 -113.976
87.299 99.590 -123.186
105.882 162.241 -273.940
190.126 -159.026 858.278
-141.621 -176.913 248.534
-112.407 -98.627 71.970
179.052 138.313 -55.849
106.648 -157.268 686.161
95.506 83.482 -58.449
-115.194 -19.309 -171.454
-60.081 184.669 -673.180
-146.744 -175.152 232.919
-2.238 197.248 -595.201
58.500 79.268 -119.796
16.707 -88.291 299.241
82.723 -22.469 233.809
44.573 145.155 -345.362
195.054 -92.192 667.679
154.033 -35.136 414.526
64.986 169.652 -377.989
192.305 172.240 -131.165
-92.625 130.060 -574.456
-51.756 163.481 -592.920
188.844 49.360 230.674
-57.344 158.356 -588.733
95.022 -171.170 704.663
-43.559 55.993 -254.100
16.738 -6.332 53.522
-76.203 -2.075 -145.155
-2.893 64.103 -197.049
-185.941 96.903 -661.532
192.479 134.847 -18.520
128.498 -131.424 652.223
173.704 139.626 -70.480
175.946 115.501 6.381
89.630 -140.041 600.410
114.007 36.465 119.538
70.277 -13.185 181.142
-134.293 150.560 -719.322
107.926 -171.452 731.219
47.157 156.412 -373.989
190.915 173.923 -138.861
-161.322 -48.554 -175.958
194.694 196.832 -200.080
-172.207 12.936 -382.224
177.681 196.142 -232.055
-165.992 -49.683 -181.983
69.044 -60.341 320.152
26.848 139.204 -362.909
-6.046 -45.858 126.416
109.142 -66.588 419.057
145.053 9.503 262.619
-90.092 118.760 -535.484
-0.137 95.540 -285.843
-109.578 -119.167 139.341
157.638 -138.246 731.028
-195.477 95.537 -676.618
187.417 -33.971 477.666
-8.522 155.395 -482.272
52.264 -52.367 262.564
24.695 -59.023 227.425
-82.018 -63.071 26.120
-100.675 45.409 -336.607
15.085 -156.709 501.270
-145.319 71.478 -504.146
-44.553 -7.216 -66.403
-100.062 143.957 -630.970
-125.731 -74.900 -25.770
100.807 84.251 -50.108
-70.193 172.047 -655.537
-135.494 49.516 -418.477
100.179 24.059 129.280
-161.104 62.095 -507.526
135.747 -59.682 451.620
-159.338 -147.225 123.988
168.179 98.041 43.175
116.032 -107.768 556.318
121.145 -172.509 760.885
35.855 58.706 -103.476
-151.786 2.341 -309.533
-185.783 -47.647 -227.644
-156.885 -166.985 188.105
104.963 178.901 -325.797
-107.717 72.669 -432.435
44.533 188.079 -474.156
2.984 13.939 -34.834
41.020 152.154 -373.488
-129.315 60.632 -439.588
-171.574 -157.349 129.967
42.418 193.159 -493.752
18.668 -119.566 397.079
122.144 -19.380 303.390
45.607 -112.180 428.728
-51.713 -172.649 415.530
-86.501 -109.907 157.707
-108.145 -199.555 383.363
169.230 -107.964 663.367
-100.672 165.240 -696.036
-154.665 21.930 -374.198
-58.178 129.558 -504.046
15.335 -138.640 447.634
-163.607 -95.292 -40.463
-183.621 192.282 -943.082
-83.220 -35.261 -59.668
117.113 73.467 14.779
-191.174 189.809 -950.751
126.454 47.155 112.434
154.847 -107.767 633.979
135.754 40.617 150.612
-23.044 -194.123 537.345
134.294 11.542 235.038
-190.040 20.008 -439.070
63.074 193.492 -453.251
-131.361 -83.288 -11.861
-62.573 198.222 -718.843
-9.008 -115.394 329.165
8.152 141.315 -406.651
-180.445 107.981 -683.902
69.981 -37.322 252.902
129.113 -44.335 392.233
99.359 121.858 -165.866
53.917 -34.627 212.668
18.959 -85.472 295.351
90.212 -1.006 184.467
59.734 157.634 -352.461
90.140 179.752 -358.036
10.855 29.586 -66.064
-12.412 92.819 -302.331
51.437 -71.941 319.654
127.118 -107.443 577.472
-111.182 -103.678 89.703
-180.745 -38.717 -244.196
-85.505 185.646 -726.935
-58.084 180.167 -655.683
198.104 -120.705 759.295
-138.461 144.357 -708.992
-121.815 -84.184 9.895
2.149 169.875 -504.318
-9.591 -26.960 62.699
101.366 36.335 94.690
-166.775 -95.317 -46.700
-1.302 -121.304 362.237
74.261 -189.065 716.769
-59.021 -67.460 85.341
65.421 187.094 -429.367
161.399 -186.977 884.733
184.588 137.320 -41.777
-6.045 78.292 -245.988
21.771 -57.263 216.353
157.276 -39.097 432.832
-186.814 -60.066 -192.428
22.395 52.519 -111.828
47.780 -26.758 176.871
-93.061 37.235 -296.844
-38.093 -12.458 -37.824
129.058 -175.763 786.403
-120.589 -40.816 -117.817
125.842 56.554 83.058
-183.884 -153.988 95.236
186.810 -29.563 463.328
-39.360 47.114 -219.058
-89.963 72.715 -397.063
-185.841 -161.714 114.550
106.643 -2.366 221.363
-132.309 -21.977 -197.754
74.429 -109.030 476.994
170.891 -156.056 810.874
70.927 134.317 -260.107
-54.266 158.566 -583.295
-117.215 83.277 -483.304
112.794 198.587 -369.231
-124.767 -163.375 241.629
-20.576 -5.980 -22.170
134.147 -119.590 628.088
-49.271 -139.980 322.394
128.166 101.125 -46.058
164.161 -153.780 790.554
-69.611 -149.393 309.964
-117.099 142.629 -661.044
156.782 196.716 -275.575
-68.802 -109.351 191.529
-51.893 21.150 -166.230
-6.717 20.477 -73.718
-181.136 198.776 -957.658
-115.406 169.878 -739.440
184.089 -62.232 555.892
-82.729 53.742 -325.776
-116.823 121.100 -596.013
-76.959 -122.690 215.230
39.178 -76.612 309.210
4.722 59.409 -167.743
7.293 -112.484 352.982
-155.378 93.673 -590.744
-195.102 8.150 -413.738
43.022 -23.352 157.061
-98.691 -150.792 256.060
-79.911 170.125 -669.221
189.841 -35.864 488.238
-116.513 11.745 -267.189
-134.804 189.697 -837.652
77.439 -103.945 467.747
-10.804 93.247 -300.454
-162.558 36.566 -433.853
31.962 0.995 61.939
4.686 -17.684 63.449
-169.593 52.176 -494.731
-60.670 121.261 -484.099
-184.552 -113.582 -27.401
95.382 168.033 -312.321
-47.377 77.335 -325.752
-109.889 163.627 -709.583
154.530 117.231 -41.656
76.159 163.185 -336.215
-133.400 135.331 -671.727
-108.948 -145.804 220.568
18.596 -118.323 393.126
102.870 74.674 -17.214
140.843 -97.350 574.814
51.628 157.509 -368.309
77.430 74.210 -66.729
72.170 10.204 114.709
-114.173 -46.209 -88.723
-132.691 146.746 -704.688
165.213 -16.093 379.693
60.404 121.640 -243.105
-70.377 124.383 -512.935
123.129 -60.029 427.332
-5.665 157.885 -483.999
188.843 115.383 32.477
75.411 65.409 -44.428
-27.659 18.181 -108.807
74.514 -52.949 308.834
13.519 132.050 -368.048
190.556 146.183 -56.420
114.587 -24.900 304.810
-34.807 14.636 -112.468
-2.332 -176.424 525.617
116.164 86.614 -26.432
-36.461 -172.398 445.310
72.710 82.410 -100.719
-68.915 -169.821 372.654
-194.660 155.623 -855.271
137.501 -80.303 516.975
147.724 -166.895 797.100
-0.167 122.148 -365.751
93.253 -58.759 363.709
184.205 184.730 -184.688
162.156 13.048 286.102
-145.654 129.026 -677.386
33.854 -94.957 353.580
48.716 -96.206 387.027
192.979 -92.307 663.822
26.085 21.548 -11.492
21.224 -78.596 279.170
-134.931 -4.454 -255.510
-106.807 -153.118 246.815
-51.789 131.532 -497.159
173.013 84.877 92.393
24.975 -45.038 186.075
-140.552 -11.677 -245.014
44.223 -49.520 238.006
-38.296 22.050 -141.715
46.252 -38.202 208.189
-157.143 69.611 -522.126
47.006 -6.926 115.672
160.283 -21.038 384.672
-199.191 124.813 -771.934
-73.704 -20.804 -83.959
137.197 -48.283 420.255
124.732 -167.082 751.828
-189.657 -191.386 195.904
185.359 -129.873 761.326
151.319 17.362 251.648
-132.392 80.159 -504.229
-35.109 -108.922 257.540
156.160 -39.127 430.666
20.706 106.653 -277.565
172.374 -110.436 676.975
-15.356 80.487 -271.124
-38.661 145.964 -514.263
-113.127 159.324 -703.153
33.858 42.877 -59.975
71.508 121.770 -221.210
-150.158 -7.859 -275.737
-36.115 -52.713 86.837
35.043 -193.688 652.162
-25.239 69.955 -259.389
-175.127 185.373 -905.379
-99.346 181.020 -740.818
90.353 -13.216 221.343
109.697 -91.843 495.935
-98.809 -188.358 368.370
-163.584 122.669 -694.132
-56.105 158.060 -585.337
-198.319 -92.187 -119.128
54.668 182.855 -438.217
-53.937 -46.341 32.125
-175.618 188.587 -915.937
-78.421 -65.275 39.985
178.129 -38.064 471.445
189.587 -15.339 426.184
9.363 97.272 -272.130
30.308 -43.210 191.200
-11.599 188.113 -586.509
99.138 191.854 -376.212
10.882 167.107 -478.548
171.530 -167.147 845.511
-114.894 23.669 -299.813
36.751 -168.715 580.649
-139.845 -56.770 -108.275
102.356 -136.433 614.976
-82.411 -153.014 295.221
-101.174 -149.294 246.537
-95.812 -9.120 -163.284
-126.544 -69.580 -43.328
49.695 -104.449 413.732
-151.919 187.065 -864.110
-59.860 69.507 -327.272
95.895 197.286 -399.046
181.756 143.224 -65.162
-94.277 108.184 -512.149
-149.323 114.111 -640.065
73.650 146.505 -291.141
0.090 -42.170 127.680
65.506 -63.385 322.220
-15.413 -121.960 336.038
-84.524 -39.265 -50.343
129.840 -123.952 632.502
-163.083 119.275 -683.065
43.335 50.417 -63.682
-35.509 79.467 -308.371
-27.821 93.020 -333.752
-140.764 -72.931 -61.796
-109.015 -52.254 -60.191
181.897 -164.406 858.036
177.961 -26.270 435.696
158.649 -158.688 794.422
-125.276 135.003 -654.598
-152.941 178.624 -840.773
168.652 -124.852 712.795
-58.788 -150.663 335.391
109.445 -23.728 291.059
-91.611 -15.707 -135.061
95.297 -95.175 477.173
98.533 5.748 180.815
156.277 31.402 219.384
39.884 191.002 -492.227
-52.349 193.955 -685.575
-92.744 87.892 -448.153
-165.131 -58.308 -154.370
-11.858 189.728 -591.924
186.587 175.028 -150.840
48.481 158.286 -376.845
-188.766 -151.891 79.100
-58.724 -118.216 238.108
-73.525 70.748 -358.281
105.403 -85.972 469.729
-167.017 137.032 -744.134
-89.615 123.093 -547.511
86.935 164.013 -317.137
197.199 4.485 381.998
-81.201 172.418 -678.625
64.114 -42.028 255.271
70.187 -172.330 658.426
68.763 172.282 -378.369
-23.103 -188.448 520.096
-132.007 -109.957 66.899
-56.107 52.217 -267.856
66.238 -84.977 388.392
-128.874 34.065 -359.020
-168.359 0.908 -338.531
-89.707 -65.440 17.844
-1.139 136.925 -412.020
-171.718 -70.159 -131.925
118.257 72.679 19.448
-159.169 -20.940 -254.512
-195.776 159.962 -870.393
-25.000 -0.131 -48.619
-142.799 -58.085 -110.331
-33.656 -82.024 179.729
30.684 -197.876 656.038
118.250 -62.351 424.556
-93.986 -121.784 178.409
-148.704 186.859 -856.933
-20.364 199.650 -638.686
165.657 -154.615 796.150
-145.040 107.685 -612.093
-58.788 79.982 -356.574
4.425 -172.021 525.919
187.976 168.564 -128.793
-127.208 -27.610 -170.517
158.640 -37.726 431.419
-15.436 -118.160 324.617
22.289 -15.906 93.292
-148.152 -182.260 251.393
-42.953 -139.865 334.540
96.543 -3.504 204.584
74.609 60.105 -30.108
160.268 -73.581 542.247
156.422 -130.949 706.675
-67.677 -34.557 -30.733
140.782 155.126 -182.799
-184.202 173.132 -886.769
52.089 -120.240 465.948
-84.097 -73.464 53.213
195.949 25.544 316.201
28.693 47.507 -84.205
-147.645 167.695 -797.453
-166.299 -192.403 245.642
120.403 -21.442 306.061
134.952 -199.628 869.779
-15.753 -97.774 262.835
-46.553 168.267 -596.842
33.012 -106.366 386.050
165.977 125.508 -43.557
31.442 -170.503 575.421
49.100 -84.620 353.021
36.887 -131.095 468.078
45.499 54.349 -71.005
37.529 -69.032 283.066
136.231 -33.745 374.747
-25.966 -4.682 -36.902
-151.770 -62.651 -114.715
41.575 -119.665 443.101
169.400 5.443 323.486
-72.602 173.733 -665.402
-44.494 93.256 -367.741
63.228 -19.989 187.484
-130.581 168.896 -766.767
-9.908 131.668 -413.880
95.681 128.924 -194.493
149.681 -140.676 722.397
-103.970 155.033 -672.099
-110.383 -163.305 270.215
14.633 42.207 -96.342
177.929 -181.620 901.705
141.438 57.570 111.180
-122.619 -13.942 -202.319
-56.054 30.012 -201.155
32.551 10.866 33.457
-53.427 -76.196 122.669
111.925 86.402 -34.229
-91.725 61.484 -366.814
-155.985 166.016 -809.082
-116.145 140.832 -653.923
-91.991 -165.133 312.431
-161.060 -70.186 -110.561
19.854 -129.651 429.620
100.829 -195.935 790.511
-144.310 -37.606 -174.741
-129.319 194.739 -841.821
16.631 129.403 -353.967
51.339 -59.268 281.449
119.531 177.545 -292.557
-199.931 98.395 -694.023
132.789 75.143 41.184
-21.662 74.544 -265.965
-176.481 -128.768 34.285
-170.752 -178.942 196.282
-101.852 -195.268 383.215
71.838 164.638 -349.214
44.390 113.596 -250.911
-110.507 55.501 -386.571
-102.519 60.335 -385.031
-119.006 48.157 -381.469
-37.153 -53.661 87.648
178.597 -90.727 630.443
102.694 14.534 162.726
-195.338 110.678 -721.631
-132.541 39.560 -382.768
49.526 168.096 -404.232
16.350 -44.570 167.339
5.458 105.923 -305.833
184.683 23.110 301.010
-196.350 152.995 -850.704
-143.544 86.119 -544.478
66.272 -175.987 661.512
170.640 25.052 267.070
9.655 133.080 -378.932
8.807 89.677 -250.302
38.175 37.352 -34.688
88.481 -43.996 310.017
-147.736 -185.142 260.975
37.221 -140.941 498.212
197.735 9.463 368.090
12.257 -157.659 498.444
195.362 -60.033 571.835
-112.363 -105.175 91.801
-65.336 -76.605 100.084
171.767 109.203 16.910
-153.922 134.614 -710.761
-1.272 119.917 -361.319
-76.100 54.273 -314.052
121.053 129.758 -146.171
-126.103 -28.004 -167.209
82.986 143.466 -263.380
95.084 -173.136 710.589
53.041 -53.570 267.845
95.793 36.186 84.026
-120.082 -176.027 288.992
-185.999 -110.220 -40.303
-150.427 198.624 -895.688
-89.336 -155.465 288.717
-41.086 131.749 -476.372
80.885 -113.608 503.584
-168.068 41.718 -460.309
-135.247 -76.087 -41.258
119.657 -28.656 326.245
157.713 -80.823 558.924
172.159 -169.162 852.840
36.211 110.986 -259.529
-54.714 43.648 -239.415
-155.119 -148.888 137.426
77.495 103.777 -155.274
174.626 -103.967 662.143
90.984 -51.762 338.236
-26.825 140.072 -472.933
-140.241 197.763 -872.785
-77.404 -80.501 87.724
-39.963 73.881 -300.501
-193.304 -175.651 141.363
185.620 48.503 226.686
22.698 -29.034 133.580
107.648 196.335 -372.762
-70.420 188.888 -706.474
56.989 -4.585 128.774
9.667 132.447 -376.960
-156.887 -11.789 -277.398
-122.449 167.649 -746.856
133.231 -157.716 740.614
-109.153 75.250 -442.996
-13.711 -68.208 178.215
74.949 196.313 -438.085
87.783 -0.637 178.499
74.022 -175.625 675.949
-142.547 175.582 -810.809
-167.676 -88.572 -68.604
-159.843 126.853 -699.185
-14.095 144.572 -460.897
85.741 -116.564 522.150
16.720 -71.361 248.518
178.610 129.861 -31.377
-55.471 -17.288 -58.091
9.634 5.717 3.108
191.514 -57.526 556.703
3.554 112.979 -330.876
146.609 199.275 -303.619
-182.291 -158.267 111.270
-173.027 105.491 -661.555
-21.318 -190.470 529.845
-56.604 -88.604 153.679
68.768 -42.134 264.961
-111.137 -137.077 189.967
174.623 148.486 -95.263
-190.927 -104.390 -67.661
162.395 12.289 288.933
-154.202 199.912 -907.180
-56.819 -163.548 377.984
-36.580 -139.288 345.764
16.002 171.438 -481.317
41.525 106.628 -235.861
8.434 112.227 -318.735
98.474 -16.300 246.838
-196.448 -116.959 -41.048
-101.930 -135.787 204.493
-61.441 114.918 -466.681
-126.598 -84.816 2.276
23.405 88.084 -216.443
-193.719 49.827 -535.944
176.293 81.523 108.970
199.634 -55.721 567.510
-123.576 -12.856 -207.573
-94.725 -181.386 355.728
-88.112 -79.879 64.402
178.775 -121.659 723.527
80.874 -118.079 516.904
-101.345 -88.626 64.207
103.876 -198.004 802.862
-5.631 161.193 -493.895
173.204 -196.523 937.003
179.711 31.228 266.788
-25.008 122.235 -415.782
-57.168 175.816 -640.678
-151.706 -28.438 -217.127
171.976 174.125 -177.397
-125.152 -72.950 -30.470
36.695 46.770 -65.928
128.544 90.933 -14.731
153.095 -6.051 325.324
173.903 -97.198 640.420
-118.256 -81.090 7.701
-87.287 -67.096 27.705
-62.157 199.534 -721.889
79.317 -59.610 338.430
138.154 -86.526 536.844
103.150 -93.452 487.664
-89.920 175.501 -705.315
55.229 144.084 -320.766
-138.238 138.389 -690.611
55.295 193.538 -469.075
67.481 -123.391 506.110
-47.848 154.542 -558.351
-37.189 -165.444 422.949
-142.257 -83.890 -31.838
173.856 -7.046 369.860
21.708 99.726 -254.768
14.865 118.165 -323.826
-124.229 81.408 -491.680
-197.845 56.685 -564.677
142.561 103.882 -25.579
47.319 -193.352 675.729
-71.153 39.298 -259.203
-21.022 152.114 -497.415
-52.235 -65.304 92.382
-28.586 -96.403 233.055
-165.301 -5.470 -313.150
93.390 -108.322 512.749
116.255 -183.038 782.643
180.171 -69.050 568.494
